1804
1767
1735
1740
1742
1742
1758
1765
1769
1771
1805
1801
1804
1791
1749
1751
1635
1633
1540
1539
1529
1531
1537
1540
1578
1581
1650
1652
1666
1669
1671
1676
1697
1695
1700
1706
1680
1690
1681
1677
1678
1677
1679
1678
1679
1682
1703
1703
1676
1670
1706
1708
1772
1774
1690
1688
1660
1663
1665
1666
1661
1663
1762
1762
1865
1861
1805
1797
1435
1436
1586
1583
1739
1737
1758
1754
1770
1773
1734
1737
1714
1721
1785
1782
1777
1775
1794
1796
1821
1818
1787
1787
1656
1664
1575
1572
1542
1539
1534
1541
1580
1574
1658
1655
1678
1678
1707
1705
1694
1697
1684
1687
1688
1689
1685
1692
1692
1693
1658
1668
1678
1677
1689
1688
1702
1701
1749
1751
1713
1711
1673
1697
1659
1656
1670
1662
1689
1692
1806
1807
1939
1943
1494
1494
1510
1513
1675
1672
1771
1772
1779
1774
1745
1735
1708
1707
1759
1758
1790
1788
1790
1793
1782
1791
1769
1765
1672
1666
1595
1590
1529
1524
1537
1543
1582
1581
1642
1644
1669
1672
1664
1695
1692
1691
1705
1709
1713
1707
1713
1712
1704
1700
1667
1667
1697
1694
1704
1694
1718
1692
1778
1774
1792
1788
1712
1701
1702
1700
1715
1716
1747
1748
1785
1784
1993
1997
1578
1577
1488
1488
1680
1682
1784
1784
1783
1783
1749
1747
1751
1748
1758
1758
1783
1786
1792
1786
1795
1798
1778
1778
1713
1710
1623
1621
1552
1549
1529
1536
1576
1578
1623
1623
1688
1686
1713
1711
1688
1682
1703
1699
1677
1671
1702
1703
1681
1684
1671
1667
1677
1680
1678
1670
1695
1692
1737
1736
1782
1778
1672
1671
1665
1662
1674
1681
1717
1728
1790
1785
1914
1915
1755
1757
1492
1495
1655
1663
1720
1719
1763
1763
1786
1792
1789
1787
1774
1776
1775
1788
1792
1755
1803
1794
1804
1801
1753
1758
1668
1662
1607
1613
1593
1597
1610
1619
1650
1653
1686
1694
1724
1719
1725
1725
1724
1726
1708
1708
1745
1745
1740
1733
1731
1727
1702
1704
1693
1698
1718
1722
1743
1746
1786
1790
1737
1734
1664
1663
1667
1669
1691
1695
1725
1729
1837
1834
2011
2008
1548
1561
1530
1540
1713
1697
1772
1765
1778
1780
1770
1769
1782
1787
1771
1769
1789
1799
1800
1797
1835
1839
1790
1790
1721
1723
1641
1636
1568
1570
1586
1584
1630
1633
1660
1659
1687
1686
1687
1687
1729
1714
1727
1725
1714
1721
1693
1641
1689
1687
1692
1689
1709
1710
1705
1697
1679
1683
1674
1671
1715
1719
1793
1787
1728
1731
1670
1667
1680
1684
1703
1708
1777
1776
1878
1875
1899
1903
1472
1466
1579
1581
1709
1676
1770
1769
1772
1773
1761
1767
1768
1774
1769
1768
1784
1782
1815
1813
1825
1818
1785
1784
1674
1665
1600
1600
1531
1523
1539
1537
1627
1627
1682
1673
1685
1687
1689
1692
1724
1736
1720
1730
1706
1712
1703
1700
1701
1702
1692
1690
1707
1704
1701
1696
1713
1712
1694
1698
1739
1738
1775
1796
1750
1751
1668
1672
1660
1665
1680
1674
1743
1747
1792
1795
2008
2024
1526
1528
1536
1531
1677
1679
1758
1760
1780
1783
1779
1783
1777
1781
1775
1779
1770
1775
1793
1796
1847
1844
1799
1805
1715
1713
1634
1640
1565
1568
1532
1538
1594
1588
1662
1663
1681
1675
1722
1721
1718
1715
1707
1701
1710
1710
1711
1710
1692
1686
1688
1690
1688
1699
1677
1675
1680
1684
1711
1707
1740
1738
1704
1707
1748
1745
1672
1669
1669
1655
1670
1668
1680
1678
1761
1762
1891
1895
1826
1829
1428
1431
1588
1585
1763
1762
1770
1766
1790
1789
1749
1753
1744
1743
1767
1765
1793
1781
1802
1803
1804
1807
1789
1793
1664
1671
1593
1589
1548
1543
1537
1544
1612
1609
1663
1659
1682
1698
1711
1719
1759
1758
1706
1708
1686
1681
1662
1663
1695
1691
1673
1678
1706
1708
1670
1663
1701
1706
1708
1701
1748
1742
1747
1758
1696
1699
1653
1663
1671
1661
1677
1679
1740
1748
1832
1827
1819
1814
1471
1470
1632
1636
1716
1721
1734
1741
1748
1741
1767
1755
1755
1755
1734
1736
1777
1778
1795
1797
1794
1797
1750
1758
1672
1673
1589
1588
1525
1525
1538
1532
1598
1589
1669
1661
1682
1683
1710
1711
1721
1714
1706
1705
1724
1720
1710
1714
1695
1695
1689
1688
1672
1677
1696
1692
1723
1728
1754
1751
1713
1715
1728
1725
1794
1791
1685
1692
1665
1673
1664
1667
1668
1667
1755
1751
1927
1924
1771
1768
1449
1446
1596
1601
1687
1687
1758
1757
1770
1761
1766
1769
1711
1716
1778
1781
1790
1795
1802
1797
1806
1807
1787
1783
1665
1668
1559
1561
1539
1548
1570
1565
1635
1628
1669
1661
1673
1676
1678
1687
1727
1727
1703
1709
1713
1711
1696
1700
1705
1704
1668
1681
1698
1692
1701
1703
1684
1684
1678
1678
1698
1685
1721
1717
1775
1780
1703
1701
1660
1662
1687
1681
1701
1701
1740
1739
1910
1921
1796
1802
1449
1455
1600
1598
1702
1700
1776
1777
1779
1777
1747
1741
1749
1743
1788
1782
1789
1784
1794
1790
1815
1817
1788
1786
1661
1657
1549
1549
1535
1537
1537
1528
1602
1629
1667
1661
1673
1676
1700
1703
1697
1696
1680
1673
1702
1705
1708
1708
1693
1687
1716
1700
1737
1734
1730
1732
1770
1768
1760
1755
1740
1735
1759
1756
1789
1787
1797
1798
1671
1666
1683
1681
1705
1707
1748
1745
1868
1863
1969
1966
1471
1474
1545
1546
1683
1689
1771
1762
1767
1768
1761
1767
1773
1769
1779
1787
1793
1788
1798
1800
1862
1858
1826
1821
1683
1680
1587
1584
1542
1544
1583
1577
1594
1602
1662
1667
1701
1685
1764
1761
1727
1736
1691
1693
1704
1700
1669
1672
1665
1668
1692
1706
1691
1687
1704
1704
1694
1699
1747
1748
1721
1719
1789
1789
1763
1767
1674
1676
1668
1670
1678
1678
1721
1722
1816
1811
1964
1967
1569
1564
