1713688
41214
38726
42492
39958
38022
39000
43602
34207
41333
35397
40884
35833
33785
28437
33142
36119
25992
31120
29306
23205
25570
26043
27116
12324
22635
24100
28582
23883
14911
16916
17830
13451
11676
13910
11061
10694
20741
1878
8471
5484
5358
7990
2607
2100
5014
4085
5860
6656
13278
7939
9784
5428
11154
9783
6871
7548
10095
9796
9081
9619
10602
9144
9470
5991
8252
7392
7011
13136
11836
7902
6865
829
5326
12851
12824
10017
7535
6356
6529
4846
7336
5631
7439
3602
7099
5509
6954
5247
3397
1687
1277
2574
3105
1341
2333
9279
6311
6667
8584
4206
9855
4479
6387
5116
3012
3812
2127
7208
8420
6675
5945
9067
2539
8488
4517
3423
6684
3208
3058
2046
5223
5503
6998
1485
4838
3568
1241
2566
4922
1173
985
1949
3399
2035
803
3843
336
2538
8614
5130
4740
7002
6065
2859
2897
9195
4172
3017
3011
964
2309
3715
5348
4473
3050
5950
1512
1902
5484
3609
3697
3785
2131
1651
2560
2981
2579
1211
2673
812
3944
364
1126
1229
551
2133
1714
3370
1682
1897
4270
1398
3255
4056
3424
2305
3724
1368
3959
3625
3118
3748
3139
3716
2905
3415
2360
4336
2932
3897
2593
3436
2005
1666
2039
1545
1865
1311
1179
1175
1414
883
1320
347
409
256
436
2612
2233
2816
2370
152
3072
1792
826
2137
2424
2890
1257
2673
2241
3157
3066
3465
2966
2779
3699
2517
2860
2580
3192
2110
1693
1768
1063
2444
1945
1306
933
1314
905
452
723
822
355
423
552
858
527
668
835
1186
850
1462
1760
1990
967
1759
1648
2049
2959
2088
2402
2342
3391
2373
2557
2829
2567
2630
2125
2546
1266
2313
1957
1749
698
1540
2530
229
2140
2307
1858
2210
446
215
356
334
1020
846
1070
1097
1045
938
1557
1252
1538
1106
1212
2506
1943
2635
2069
3010
1648
2490
1971
2546
2112
2504
2128
2462
2337
887
2568
1443
2114
2575
1827
871
2676
1219
1074
2124
1217
1452
258
829
734
355
2151
475
1435
751
1514
1569
1515
810
1110
2201
2036
1927
2863
1225
667
2988
1534
2264
2940
1741
1119
399
1681
1523
1892
4281
1431
1238
2839
3432
2336
2498
3980
1070
163
1766
364
1047
1479
892
518
518
1930
884
442
1442
1972
550
2717
2054
2023
782
1398
1115
2512
1363
1753
3178
960
3069
2234
2396
2919
2549
736
1405
1122
1795
1980
1451
3069
1395
2787
2067
1885
2669
824
453
950
745
287
493
817
1606
2038
1513
1809
990
2008
1388
1821
1050
1437
1514
1616
2481
3036
2943
1199
319
1439
1820
2593
2678
1430
1527
1704
1329
1973
1905
2062
1881
1852
1795
1926
1161
1144
1626
1809
955
1675
1208
2125
967
715
718
566
310
360
1112
747
772
1110
269
2197
1124
1257
1537
1208
1291
1643
1533
1370
2120
2703
1886
1707
959
1985
1868
1731
1355
1756
1758
1338
1946
1603
1242
1328
1411
1453
1073
977
714
1094
821
492
469
394
237
303
26
303
237
394
469
492
821
1094
714
977
1073
1453
1411
1328
1242
1603
1946
1338
1758
1756
1355
1731
1868
1985
959
1707
1886
2703
2120
1370
1533
1643
1291
1208
1537
1257
1124
2197
269
1110
772
747
1112
360
310
566
718
715
967
2125
1208
1675
955
1809
1626
1144
1161
1926
1795
1852
1881
2062
1905
1973
1329
1704
1527
1430
2678
2593
1820
1439
319
1199
2943
3036
2481
1616
1514
1437
1050
1821
1388
2008
990
1809
1513
2038
1606
817
493
287
745
950
453
824
2669
1885
2067
2787
1395
3069
1451
1980
1795
1122
1405
736
2549
2919
2396
2234
3069
960
3178
1753
1363
2512
1115
1398
782
2023
2054
2717
550
1972
1442
442
884
1930
518
518
892
1479
1047
364
1766
163
1070
3980
2498
2336
3432
2839
1238
1431
4281
1892
1523
1681
399
1119
1741
2940
2264
1534
2988
667
1225
2863
1927
2036
2201
1110
810
1515
1569
1514
751
1435
475
2151
355
734
829
258
1452
1217
2124
1074
1219
2676
871
1827
2575
2114
1443
2568
887
2337
2462
2128
2504
2112
2546
1971
2490
1648
3010
2069
2635
1943
2506
1212
1106
1538
1252
1557
938
1045
1097
1070
846
1020
334
356
215
446
2210
1858
2307
2140
229
2530
1540
698
1749
1957
2313
1266
2546
2125
2630
2567
2829
2557
2373
3391
2342
2402
2088
2959
2049
1648
1759
967
1990
1760
1462
850
1186
835
668
527
858
552
423
355
822
723
452
905
1314
933
1306
1945
2444
1063
1768
1693
2110
3192
2580
2860
2517
3699
2779
2966
3465
3066
3157
2241
2673
1257
2890
2424
2137
826
1792
3072
152
2370
2816
2233
2612
436
256
409
347
1320
883
1414
1175
1179
1311
1865
1545
2039
1666
2005
3436
2593
3897
2932
4336
2360
3415
2905
3716
3139
3748
3118
3625
3959
1368
3724
2305
3424
4056
3255
1398
4270
1897
1682
3370
1714
2133
551
1229
1126
364
3944
812
2673
1211
2579
2981
2560
1651
2131
3785
3697
3609
5484
1902
1512
5950
3050
4473
5348
3715
2309
964
3011
3017
4172
9195
2897
2859
6065
7002
4740
5130
8614
2538
336
3843
803
2035
3399
1949
985
1173
4922
2566
1241
3568
4838
1485
6998
5503
5223
2046
3058
3208
6684
3423
4517
8488
2539
9067
5945
6675
8420
7208
2127
3812
3012
5116
6387
4479
9855
4206
8584
6667
6311
9279
2333
1341
3105
2574
1277
1687
3397
5247
6954
5509
7099
3602
7439
5631
7336
4846
6529
6356
7535
10017
12824
12851
5326
829
6865
7902
11836
13136
7011
7392
8252
5991
9470
9144
10602
9619
9081
9796
10095
7548
6871
9783
11154
5428
9784
7939
13278
6656
5860
4085
5014
2100
2607
7990
5358
5484
8471
1878
20741
10694
11061
13910
11676
13451
17830
16916
14911
23883
28582
24100
22635
12324
27116
26043
25570
23205
29306
31120
25992
36119
33142
28437
33785
35833
40884
35397
41333
34207
43602
39000
38022
39958
42492
38726
41214
