1592539
154514
147456
137323
124777
110538
90240
72305
54805
36840
17560
4138
8122
10077
31451
36321
37055
35333
29132
25503
19481
11224
4122
4280
12394
22358
16451
26786
19162
15800
14572
12246
7543
3700
2084
6150
8418
13633
22225
21341
12132
4312
9907
8196
4873
1274
2749
4706
6611
7196
9410
11748
19871
5097
9197
7499
1295
3963
5602
7746
9609
10765
10489
9516
8600
608
6078
4344
5849
4854
3613
5362
7104
7109
6825
9574
8684
12502
11209
4474
9599
9759
3606
4893
8122
7363
5422
5038
6954
4641
8458
9783
5135
6639
8172
4240
3273
4132
6215
3788
4113
2699
2793
8895
4683
7132
3400
5348
4060
1203
4737
4573
2705
1916
2490
5815
8914
2951
6965
1313
3132
2728
1424
3105
2912
2820
834
3581
6316
7873
1704
6411
1213
1953
969
2296
2310
594
3229
2800
5609
6064
5465
3389
4891
2312
1585
794
3340
3229
1981
1598
4607
6766
4687
1609
3098
3326
1237
3249
2811
1908
4210
1812
1160
4842
5503
3044
3391
2112
3874
905
2809
3389
1420
2483
2457
2192
3298
2868
739
2644
748
4436
2531
2401
2810
1712
2251
2218
1577
2027
716
1583
3063
2703
3015
3266
1954
2231
1700
1599
849
918
1851
1301
2646
2622
4066
2199
3549
2212
782
1587
438
1528
1020
3341
2639
1821
1597
4293
431
1910
2059
1687
1408
1486
999
1961
3408
2929
1030
1116
2618
1931
472
1259
1921
1019
1419
1625
2825
2653
2487
470
991
1250
1538
1009
902
2532
1947
2936
1875
2718
2322
978
531
96
1904
511
2167
1468
1917
3501
1653
2179
1749
1110
554
1229
1294
1487
1165
1389
1909
1018
3753
1586
1656
137
479
1679
1473
1512
1562
1748
1157
2364
1933
2397
1986
1424
1068
1830
2098
1086
2458
1255
2390
869
1334
1563
802
1725
456
2235
2737
1885
1982
1900
1066
1438
1131
333
1106
962
809
1269
2750
3495
1527
1507
1307
972
712
975
986
740
1984
454
2441
3356
3282
649
665
845
1435
528
488
1482
1869
2074
1659
3290
3305
2656
1966
1489
467
1213
1549
1173
1448
3686
1114
2805
2200
1843
421
2016
2075
1830
920
1950
2556
898
3547
874
2492
902
884
584
1416
2285
2749
1986
2066
2178
1425
2429
1177
1428
1506
1559
1831
1414
2666
3016
2287
1096
1646
1639
808
1813
1593
2217
2123
2009
1457
2778
2626
2385
650
294
711
1607
939
2799
2563
2540
1437
1656
1814
1703
2242
1409
1624
62
2626
1922
4340
2433
1312
991
953
647
1052
1510
2621
3499
2043
2764
3694
4292
1537
598
357
362
866
1221
1274
2623
2780
1742
1730
1788
1483
206
367
765
1277
1283
1826
1700
1604
1889
2041
1498
1828
1215
585
1034
1309
1395
1570
1657
2004
1649
2020
1736
1397
1099
1738
1513
1987
1705
2060
1745
1703
1138
545
514
734
1315
442
1390
1658
1783
1760
1508
1530
1006
517
77
577
857
1082
1934
1679
1805
1595
1425
1042
892
206
112
951
1248
1658
1716
1701
1716
1658
1248
951
112
206
892
1042
1425
1595
1805
1679
1934
1082
857
577
77
517
1006
1530
1508
1760
1783
1658
1390
442
1315
734
514
545
1138
1703
1745
2060
1705
1987
1513
1738
1099
1397
1736
2020
1649
2004
1657
1570
1395
1309
1034
585
1215
1828
1498
2041
1889
1604
1700
1826
1283
1277
765
367
206
1483
1788
1730
1742
2780
2623
1274
1221
866
362
357
598
1537
4292
3694
2764
2043
3499
2621
1510
1052
647
953
991
1312
2433
4340
1922
2626
62
1624
1409
2242
1703
1814
1656
1437
2540
2563
2799
939
1607
711
294
650
2385
2626
2778
1457
2009
2123
2217
1593
1813
808
1639
1646
1096
2287
3016
2666
1414
1831
1559
1506
1428
1177
2429
1425
2178
2066
1986
2749
2285
1416
584
884
902
2492
874
3547
898
2556
1950
920
1830
2075
2016
421
1843
2200
2805
1114
3686
1448
1173
1549
1213
467
1489
1966
2656
3305
3290
1659
2074
1869
1482
488
528
1435
845
665
649
3282
3356
2441
454
1984
740
986
975
712
972
1307
1507
1527
3495
2750
1269
809
962
1106
333
1131
1438
1066
1900
1982
1885
2737
2235
456
1725
802
1563
1334
869
2390
1255
2458
1086
2098
1830
1068
1424
1986
2397
1933
2364
1157
1748
1562
1512
1473
1679
479
137
1656
1586
3753
1018
1909
1389
1165
1487
1294
1229
554
1110
1749
2179
1653
3501
1917
1468
2167
511
1904
96
531
978
2322
2718
1875
2936
1947
2532
902
1009
1538
1250
991
470
2487
2653
2825
1625
1419
1019
1921
1259
472
1931
2618
1116
1030
2929
3408
1961
999
1486
1408
1687
2059
1910
431
4293
1597
1821
2639
3341
1020
1528
438
1587
782
2212
3549
2199
4066
2622
2646
1301
1851
918
849
1599
1700
2231
1954
3266
3015
2703
3063
1583
716
2027
1577
2218
2251
1712
2810
2401
2531
4436
748
2644
739
2868
3298
2192
2457
2483
1420
3389
2809
905
3874
2112
3391
3044
5503
4842
1160
1812
4210
1908
2811
3249
1237
3326
3098
1609
4687
6766
4607
1598
1981
3229
3340
794
1585
2312
4891
3389
5465
6064
5609
2800
3229
594
2310
2296
969
1953
1213
6411
1704
7873
6316
3581
834
2820
2912
3105
1424
2728
3132
1313
6965
2950
8914
5815
2490
1916
2705
4573
4737
1203
4060
5348
3400
7132
4683
8895
2793
2699
4113
3788
6215
4132
3273
4240
8172
6639
5135
9783
8458
4641
6954
5038
5422
7363
8122
4893
3606
9759
9599
4474
11209
12502
8684
9574
6825
7109
7104
5362
3613
4854
5849
4344
6078
608
8600
9516
10489
10765
9609
7746
5602
3963
1295
7499
9197
5097
19871
11748
9410
7196
6611
4706
2749
1274
4873
8196
9907
4312
12132
21341
22225
13633
8418
6150
2084
3700
7543
12246
14572
15800
19162
26786
16451
22358
12394
4280
4122
11224
19481
25503
29132
35333
37055
36321
31451
10077
8122
4138
17560
36840
54805
72305
90240
110538
124777
137323
147456
154514








































































































































































































































































































































































































































































































































































































































































































































































































































































































































































































































































































































































































































































































































































































































































































































































































































































































































































































































































































































































































































































































































































































































































































































































































































































































































































































































































































































































































































































































































































































































































































































































































































































































































































































































































































































































































































































































































































































































































































































































































































































































































































































































































































































































































































































































































































































































































































































































































































































































































































































































































































































































































































































































































































































































































































































































































































































































































































































































































































































































































































































































































































































































































































































































































































































































































































































































































































































































































































































































































































































































































































































































































































































































































































































































































































































































































































































































































































































































































































































































































































































































































































































































































































































































































































































































































































































































































































































































































































































































































































































































































































































































































































































































































































































































































































































































































































































































































































































































































































































































































































































































































































































































































































































































































































































































































































































































































































































































































































































































































































































































































































































































































































































































































































































































































































































































































































































































































































































































































































































































































































































































































































































































































































































































































































































































































































































































































































































































































































































































































































































































































































































































































































































































































































































































































































































































































































































































































































































































































































































































































































































































































































































































































































































































































































































































































































































































































































































































































































































































































































































































































































































































































































































































































































































































































































































































































































































































































































































































































































































































































































































































































































































































































































































































































































































































































































































































